2008|9|2|2|WN|143|TPA|BNA|1450|-5.00|-9.00
2008|9|2|2|WN|215|TPA|BNA|1815|-1.00|1.00
2008|9|2|2|WN|534|TPA|BNA|1125|6.00|4.00
2008|9|2|2|WN|1092|TPA|BUF|1650|-3.00|-4.00
2008|9|2|2|WN|1949|TPA|BUF|0830|0.00|-3.00
2008|9|2|2|WN|149|TPA|BWI|1140|4.00|-1.00
2008|9|2|2|WN|734|TPA|BWI|2005|-5.00|-6.00
2008|9|2|2|WN|765|TPA|BWI|1430|-4.00|-8.00
2008|9|2|2|WN|1126|TPA|BWI|0710|1.00|-2.00
2008|9|2|2|WN|1311|TPA|BWI|0915|-3.00|-1.00
2008|9|2|2|WN|1465|TPA|BWI|1735|1.00|-9.00
2008|9|2|2|WN|733|TPA|CMH|1350|-6.00|0.00
2008|9|2|2|WN|1569|TPA|CMH|1020|-5.00|-6.00
2008|9|2|2|WN|216|TPA|DEN|1225|3.00|-10.00
2008|9|2|2|WN|76|TPA|FLL|2145|15.00|12.00
2008|9|2|2|WN|104|TPA|FLL|1135|0.00|-9.00
2008|9|2|2|WN|133|TPA|FLL|1855|1.00|-6.00
2008|9|2|2|WN|281|TPA|FLL|1500|49.00|36.00
2008|9|2|2|WN|327|TPA|FLL|1005|-3.00|-4.00
2008|9|2|2|WN|584|TPA|FLL|1350|-3.00|-8.00
2008|9|2|2|WN|1041|TPA|FLL|1935|-3.00|-8.00
2008|9|2|2|WN|1369|TPA|FLL|0640|-1.00|-5.00
2008|9|2|2|WN|1822|TPA|FLL|1645|4.00|-4.00
2008|9|2|2|WN|10|TPA|HOU|0650|-3.00|-14.00
2008|9|2|2|WN|26|TPA|HOU|1055|9.00|3.00
2008|9|2|2|WN|46|TPA|HOU|1545|5.00|-12.00
2008|9|2|2|WN|58|TPA|HOU|1855|-3.00|-18.00
2008|9|2|2|WN|1098|TPA|IAD|0910|0.00|-7.00
2008|9|2|2|WN|1743|TPA|IAD|1950|-2.00|-7.00
2008|9|2|2|WN|1545|TPA|IND|0930|-3.00|-9.00
2008|9|2|2|WN|1939|TPA|IND|1415|-4.00|-9.00
2008|9|2|2|WN|74|TPA|ISP|1525|-5.00|-3.00
2008|9|2|2|WN|95|TPA|ISP|1025|-4.00|-3.00
2008|9|2|2|WN|929|TPA|ISP|2000|-3.00|-4.00
2008|9|2|2|WN|201|TPA|JAX|1130|-4.00|-10.00
2008|9|2|2|WN|1719|TPA|JAX|1710|-1.00|-24.00
2008|9|2|2|WN|1802|TPA|JAX|0740|-1.00|-10.00
2008|9|2|2|WN|779|TPA|LAS|0955|-6.00|-25.00
2008|9|2|2|WN|1003|TPA|LAS|1400|-2.00|-16.00
2008|9|2|2|WN|487|TPA|MCI|0755|0.00|-11.00
2008|9|2|2|WN|1708|TPA|MCI|1725|1.00|-13.00
2008|9|2|2|WN|116|TPA|MDW|1810|-5.00|-9.00
2008|9|2|2|WN|272|TPA|MDW|1100|1.00|-16.00
2008|9|2|2|WN|475|TPA|MDW|0800|-5.00|-10.00
2008|9|2|2|WN|636|TPA|MDW|2040|-3.00|-6.00
2008|9|2|2|WN|1546|TPA|MDW|0630|2.00|6.00
2008|9|2|2|WN|1649|TPA|MDW|1550|-1.00|-10.00
2008|9|2|2|WN|128|TPA|MHT|1935|-1.00|4.00
2008|9|2|2|WN|1597|TPA|MHT|1205|-4.00|2.00
2008|9|2|2|WN|1451|TPA|ORF|1100|-5.00|-7.00
2008|9|2|2|WN|240|TPA|PBI|1650|5.00|-12.00
2008|9|2|2|WN|819|TPA|PBI|0730|-2.00|-8.00
2008|9|2|2|WN|1359|TPA|PBI|2155|-8.00|-26.00
2008|9|2|2|WN|2441|TPA|PBI|1205|-4.00|-7.00
2008|9|2|2|WN|810|TPA|PHL|1840|-2.00|-9.00
2008|9|2|2|WN|1080|TPA|PHL|0810|1.00|10.00
2008|9|2|2|WN|1844|TPA|PHL|1310|1.00|-8.00
2008|9|2|2|WN|2905|TPA|PHL|1030|-1.00|-6.00
2008|9|2|2|WN|598|TPA|PHX|1620|-4.00|-14.00
2008|9|2|2|WN|1341|TPA|PIT|0900|0.00|-3.00
2008|9|2|2|WN|1390|TPA|PIT|1625|-7.00|-2.00
2008|9|2|2|WN|455|TPA|PVD|1230|-5.00|-5.00
2008|9|2|2|WN|1087|TPA|PVD|1830|-8.00|6.00
2008|9|2|2|WN|112|TPA|RDU|1320|-5.00|-11.00
2008|9|2|2|WN|460|TPA|RDU|2000|-5.00|-12.00
2008|9|2|2|WN|1742|TPA|RDU|0920|-1.00|-9.00
2008|9|2|2|WN|420|TPA|SAT|0800|-2.00|-15.00
2008|9|2|2|WN|1925|TPA|SDF|0945|10.00|17.00
2008|9|2|2|WN|1034|TPA|STL|1710|-3.00|-7.00
2008|9|2|2|WN|1608|TPA|STL|1040|-6.00|-10.00
2008|9|2|2|WN|45|TUL|DAL|1605|-6.00|-15.00
2008|9|2|2|WN|232|TUL|DAL|1945|-1.00|-5.00
2008|9|2|2|WN|484|TUL|DAL|0805|-3.00|-7.00
2008|9|2|2|WN|496|TUL|DAL|1835|-4.00|-8.00
2008|9|2|2|WN|1396|TUL|DAL|1320|-4.00|-9.00
2008|9|2|2|WN|1699|TUL|DAL|1045|-1.00|-10.00
2008|9|2|2|WN|1950|TUL|DAL|0615|-3.00|-3.00
2008|9|2|2|WN|114|TUL|HOU|1605|4.00|1.00
2008|9|2|2|WN|499|TUL|HOU|0710|-2.00|-6.00
2008|9|2|2|WN|846|TUL|HOU|2050|0.00|-4.00
2008|9|2|2|WN|1014|TUL|HOU|1135|15.00|6.00
2008|9|2|2|WN|2385|TUL|LAS|1030|18.00|4.00
2008|9|2|2|WN|1529|TUL|MCI|0800|1.00|-4.00
2008|9|2|2|WN|2424|TUL|MCI|1750|-5.00|-9.00
2008|9|2|2|WN|40|TUL|PHX|1850|-1.00|-8.00
2008|9|2|2|WN|211|TUL|PHX|0735|-4.00|-7.00
2008|9|2|2|WN|472|TUL|PHX|1155|-3.00|-14.00
2008|9|2|2|WN|337|TUL|STL|1720|-1.00|-8.00
2008|9|2|2|WN|1107|TUL|STL|1225|10.00|6.00
2008|9|2|2|WN|1602|TUL|STL|0625|-2.00|-2.00
2008|9|2|2|WN|161|TUS|ABQ|1725|-10.00|-19.00
2008|9|2|2|WN|1008|TUS|ABQ|0705|-3.00|-8.00
2008|9|2|2|WN|70|TUS|LAS|1125|-3.00|-11.00
2008|9|2|2|WN|514|TUS|LAS|1735|-1.00|-3.00
2008|9|2|2|WN|568|TUS|LAS|2025|-10.00|-17.00
2008|9|2|2|WN|836|TUS|LAS|0730|-1.00|-6.00
2008|9|2|2|WN|860|TUS|LAS|1510|-3.00|0.00
2008|9|2|2|WN|242|TUS|LAX|0830|1.00|-3.00
2008|9|2|2|WN|266|TUS|LAX|1230|-3.00|-7.00
2008|9|16|2|DL|981|RDU|ATL|1835|-6.00|3.00
2008|9|16|2|DL|981|ATL|MCO|2115|-1.00|-7.00
2008|9|16|2|DL|982|MIA|ATL|0600|-4.00|-4.00
2008|9|16|2|DL|982|ATL|BWI|0845|-4.00|-1.00
2008|9|16|2|DL|984|MIA|ATL|0705|-4.00|-6.00
2008|9|16|2|DL|985|ATL|MIA|0730|-2.00|-6.00
2008|9|16|2|DL|986|MIA|ATL|0810|-5.00|-14.00
2008|9|16|2|DL|987|CMH|ATL|0600|-2.00|-7.00
2008|9|16|2|DL|987|ATL|MIA|0835|0.00|-2.00
2008|9|16|2|DL|988|MIA|ATL|1110|-5.00|-2.00
2008|9|16|2|DL|988|ATL|AUS|1402|-1.00|5.00
2008|9|16|2|DL|989|ATL|MIA|0950|0.00|7.00
2008|9|16|2|DL|990|MIA|ATL|1225|0.00|6.00
2008|9|16|2|DL|990|ATL|BUF|1510|-5.00|0.00
